   0.0000000e+00   2.2502879e+01   4.2222546e+01   4.3407659e+01   2.0361727e+01   2.3856600e+01   2.4200669e+01   2.4246072e+01   2.4189768e+01   2.3772602e+01   4.1411477e+01   3.9908896e+01   4.8376552e+01   4.4785449e+01   5.1580753e+01   4.7345181e+01   4.2056927e+01   4.4845989e+01   4.6502147e+01   4.4947849e+01   4.2717407e+01   4.2347764e+01   4.1146174e+01   4.0726029e+01   4.8045248e+01   4.4904384e+01   5.1189833e+01   4.7076971e+01   4.2227181e+01   4.5215453e+01   4.0129234e+01   4.1343649e+01   4.5984055e+01   4.4933766e+01   4.5519138e+01   4.5535967e+01   4.4406297e+01   4.3784317e+01   4.2826390e+01   4.3349300e+01   4.2515671e+01   4.3105392e+01   4.5248736e+01   4.1373638e+01   4.4586517e+01   4.2830225e+01   4.0166582e+01   3.8871628e+01   3.9252111e+01   4.6844866e+01   4.2475451e+01   4.1700314e+01   4.1021932e+01   4.0892374e+01   4.7545372e+01   4.4759750e+01   5.2285143e+01   4.8119406e+01   4.4493072e+01   4.3937848e+01   4.5115897e+01   4.2234531e+01   4.6978886e+01   4.9902936e+01   4.0990745e+01   4.9957459e+01   5.1067823e+01   4.6556235e+01   4.7493982e+01   4.6523289e+01   4.0412173e+01   4.1335549e+01   4.6380705e+01   4.5682135e+01   4.5603191e+01   4.5122097e+01   4.3716142e+01   4.4252997e+01   4.6054203e+01   4.6071990e+01   4.2511713e+01   4.2736965e+01   4.4571094e+01   4.1786252e+01   4.5097043e+01   4.2717635e+01   4.1163326e+01   4.0114362e+01   3.9261771e+01   4.4538459e+01   3.9953993e+01   4.1351945e+01   3.9950804e+01   4.1261484e+01   4.3915548e+01   4.4211016e+01   4.2528011e+01   4.1220608e+01   4.3419061e+01   4.3105165e+01   4.6852633e+01   4.1221687e+01   4.5094531e+01   4.7553776e+01   4.6014970e+01   4.7874858e+01   3.9834268e+01   4.3556678e+01   4.1298191e+01   5.0300728e+01   5.2204762e+01   4.7901529e+01   4.2482339e+01   4.3794998e+01   5.2728191e+01   5.1631647e+01
   2.2502879e+01   0.0000000e+00   4.5705444e+01   4.7013516e+01   2.4283351e+01   2.5592968e+01   2.4339460e+01   2.6989781e+01   2.7272728e+01   2.6365107e+01   4.5263762e+01   4.3990462e+01   5.1078634e+01   4.8159599e+01   5.4835397e+01   5.0925729e+01   4.5785445e+01   4.8813571e+01   5.0208824e+01   4.8460565e+01   4.6586233e+01   4.6062419e+01   4.4628936e+01   4.4176851e+01   5.1191516e+01   4.8424922e+01   5.4082155e+01   5.0121147e+01   4.5791719e+01   4.8773359e+01   4.3815046e+01   4.4766033e+01   4.9678862e+01   4.8433129e+01   4.8667459e+01   4.8573541e+01   4.8008671e+01   4.7327950e+01   4.6161861e+01   4.6589219e+01   4.5808428e+01   4.6121826e+01   4.8787736e+01   4.4781942e+01   4.8128827e+01   4.6673774e+01   4.3743599e+01   4.2741329e+01   4.2988399e+01   4.9792582e+01   4.5891539e+01   4.5073612e+01   4.4460641e+01   4.4547441e+01   5.0878282e+01   4.8413325e+01   5.5356194e+01   5.1268691e+01   4.7840650e+01   4.7534105e+01   4.8466881e+01   4.5660480e+01   5.0241460e+01   5.3133069e+01   4.4780979e+01   5.2896567e+01   5.4169543e+01   4.9968332e+01   5.0654786e+01   4.9526396e+01   4.4281930e+01   4.5236629e+01   4.9869061e+01   4.9236677e+01   4.9163043e+01   4.8814765e+01   4.7550967e+01   4.8163521e+01   4.9590211e+01   4.9528350e+01   4.6215400e+01   4.6453952e+01   4.8081266e+01   4.5357305e+01   4.8885222e+01   4.6523451e+01   4.4732391e+01   4.3835997e+01   4.3127366e+01   4.8108659e+01   4.3395173e+01   4.4627565e+01   4.3527565e+01   4.4801625e+01   4.7259655e+01   4.7312138e+01   4.6016716e+01   4.4656941e+01   4.6359680e+01   4.6360377e+01   4.9798509e+01   4.4985402e+01   4.8544464e+01   5.0829050e+01   4.9722087e+01   5.1089107e+01   4.3665330e+01   4.7010143e+01   4.4906182e+01   5.3401442e+01   5.5553911e+01   5.1045728e+01   4.6239584e+01   4.7276320e+01   5.5686359e+01   5.4511227e+01
   4.2222546e+01   4.5705444e+01   0.0000000e+00   2.0825345e+01   4.3333915e+01   4.4910932e+01   4.5701190e+01   4.5719801e+01   4.5783261e+01   4.5434418e+01   4.3955684e+01   4.2849871e+01   5.0799872e+01   4.7402917e+01   5.3270758e+01   4.9423173e+01   4.4347981e+01   4.6749061e+01   4.8059649e+01   4.6286989e+01   4.4999618e+01   4.4397853e+01   4.3381938e+01   4.2891910e+01   4.9721374e+01   4.6763026e+01   5.2666943e+01   4.8820632e+01   4.4659355e+01   4.6793757e+01   4.3513362e+01   4.4311717e+01   4.7947519e+01   4.6956579e+01   4.8156119e+01   4.7807277e+01   4.7427776e+01   4.6697371e+01   4.5326015e+01   4.6158815e+01   4.6162554e+01   4.5811588e+01   4.7270538e+01   4.3695602e+01   4.7397876e+01   4.5557315e+01   4.3788329e+01   4.1811369e+01   4.1402846e+01   4.8569014e+01   4.5741406e+01   4.5348930e+01   4.4743545e+01   4.4367714e+01   5.0674372e+01   4.7736075e+01   5.5022368e+01   5.1161802e+01   4.6714196e+01   4.6150793e+01   4.7623261e+01   4.4973125e+01   4.9188492e+01   5.2518330e+01   4.3195533e+01   5.2058935e+01   5.3979661e+01   4.8722150e+01   4.9238619e+01   4.8581838e+01   4.3370105e+01   4.4127229e+01   4.8505759e+01   4.8149317e+01   4.8543529e+01   4.7926253e+01   4.6844296e+01   4.7163930e+01   4.9038733e+01   4.8511179e+01   4.5047341e+01   4.4970648e+01   4.7047617e+01   4.3767810e+01   4.7040386e+01   4.4811463e+01   4.3445110e+01   4.2106299e+01   4.1357382e+01   4.6647999e+01   4.3394823e+01   4.4391048e+01   4.3098868e+01   4.4665382e+01   4.6802496e+01   4.6648340e+01   4.5369643e+01   4.4020600e+01   4.6659324e+01   4.6141005e+01   4.8016201e+01   4.3430969e+01   4.7054726e+01   4.9335875e+01   4.8109168e+01   4.9790996e+01   4.1854135e+01   4.5381996e+01   4.3609344e+01   5.2362488e+01   5.4911515e+01   5.0655691e+01   4.4788893e+01   4.6459930e+01   5.5187426e+01   5.3679438e+01
   4.3407659e+01   4.7013516e+01   2.0825345e+01   0.0000000e+00   4.4634620e+01   4.6304996e+01   4.6911610e+01   4.6949978e+01   4.7005965e+01   4.6633963e+01   4.5260655e+01   4.4410538e+01   5.2077930e+01   4.8551863e+01   5.4707905e+01   5.0829561e+01   4.6287846e+01   4.8260459e+01   4.9595768e+01   4.7885017e+01   4.6713824e+01   4.6263059e+01   4.5088159e+01   4.4793918e+01   5.1385122e+01   4.8551723e+01   5.4475021e+01   5.0492841e+01   4.6245115e+01   4.8382667e+01   4.4668231e+01   4.5729492e+01   4.9441035e+01   4.8511938e+01   4.9245044e+01   4.9158067e+01   4.9023308e+01   4.8372197e+01   4.6773372e+01   4.7503582e+01   4.7597213e+01   4.7284686e+01   4.8667675e+01   4.5212713e+01   4.8657599e+01   4.6752426e+01   4.5240895e+01   4.3309701e+01   4.2889880e+01   4.9804770e+01   4.7006839e+01   4.6572489e+01   4.6105611e+01   4.5865946e+01   5.1647170e+01   4.8928056e+01   5.6132895e+01   5.2237774e+01   4.8001212e+01   4.7635434e+01   4.8964623e+01   4.6458814e+01   5.0537787e+01   5.3764631e+01   4.4533608e+01   5.3127448e+01   5.5253967e+01   5.0075606e+01   5.0753213e+01   4.9867093e+01   4.4983634e+01   4.5661498e+01   4.9988509e+01   4.9600466e+01   4.9983064e+01   4.9361249e+01   4.8593995e+01   4.8727789e+01   5.0523327e+01   5.0330082e+01   4.6348889e+01   4.6504046e+01   4.8644287e+01   4.5397475e+01   4.8412247e+01   4.6581314e+01   4.5250508e+01   4.3930480e+01   4.3120283e+01   4.8022716e+01   4.4965278e+01   4.6084582e+01   4.4653064e+01   4.6131964e+01   4.8103457e+01   4.7964760e+01   4.6822583e+01   4.5455908e+01   4.8202683e+01   4.8016971e+01   4.9029417e+01   4.4710173e+01   4.8277021e+01   5.0385891e+01   4.9734299e+01   5.1016549e+01   4.3299695e+01   4.6561486e+01   4.4919324e+01   5.3630807e+01   5.5959677e+01   5.1820129e+01   4.6334654e+01   4.7768299e+01   5.6167246e+01   5.4954433e+01
   2.0361727e+01   2.4283351e+01   4.3333915e+01   4.4634620e+01   0.0000000e+00   2.1911521e+01   2.3419877e+01   2.1212545e+01   2.5791149e+01   2.6044000e+01   4.2681456e+01   4.1276474e+01   4.9351284e+01   4.5990035e+01   5.2748413e+01   4.8749657e+01   4.3418728e+01   4.6500095e+01   4.7765979e+01   4.6001119e+01   4.3755503e+01   4.3429881e+01   4.1922756e+01   4.1530495e+01   4.8676088e+01   4.5768676e+01   5.1592279e+01   4.7583773e+01   4.3024490e+01   4.6061855e+01   4.1351007e+01   4.2593928e+01   4.7406473e+01   4.6139614e+01   4.6506358e+01   4.6358342e+01   4.5373989e+01   4.4762572e+01   4.4065709e+01   4.4630073e+01   4.3620031e+01   4.4214858e+01   4.6348271e+01   4.2513263e+01   4.6305283e+01   4.4672808e+01   4.1464345e+01   4.0170634e+01   4.0551927e+01   4.7658190e+01   4.3748751e+01   4.3048016e+01   4.2395265e+01   4.2317375e+01   4.8883418e+01   4.6102586e+01   5.3209441e+01   4.9135753e+01   4.5709487e+01   4.4989648e+01   4.6250406e+01   4.3389774e+01   4.7780507e+01   5.0820300e+01   4.2053366e+01   5.0718667e+01   5.1955205e+01   4.7463795e+01   4.8199080e+01   4.7158831e+01   4.1919710e+01   4.2856697e+01   4.7611917e+01   4.6866728e+01   4.6897883e+01   4.6469875e+01   4.5310038e+01   4.5701978e+01   4.7359870e+01   4.7491777e+01   4.3812215e+01   4.3932748e+01   4.5880606e+01   4.3032028e+01   4.6369699e+01   4.4093123e+01   4.2359741e+01   4.1341444e+01   4.0513023e+01   4.5885993e+01   4.1340827e+01   4.2757884e+01   4.1161103e+01   4.2437957e+01   4.5256464e+01   4.5394732e+01   4.3991686e+01   4.2403363e+01   4.4616765e+01   4.4389580e+01   4.8381209e+01   4.2853225e+01   4.6306961e+01   4.8891450e+01   4.7425863e+01   4.8886372e+01   4.1310348e+01   4.4903678e+01   4.2482280e+01   5.1490412e+01   5.3367961e+01   4.8865173e+01   4.3719130e+01   4.4762664e+01   5.3745160e+01   5.2874200e+01
   2.3856600e+01   2.5592968e+01   4.4910932e+01   4.6304996e+01   2.1911521e+01   0.0000000e+00   2.1778771e+01   2.5400068e+01   2.6213950e+01   2.5154967e+01   4.4575891e+01   4.3335892e+01   5.0756239e+01   4.7500244e+01   5.4357472e+01   5.0472935e+01   4.5315983e+01   4.8346857e+01   4.9639661e+01   4.8005178e+01   4.5618829e+01   4.5261967e+01   4.4157102e+01   4.3747811e+01   5.0768153e+01   4.7866222e+01   5.3525693e+01   4.9768200e+01   4.5103616e+01   4.8081279e+01   4.3745645e+01   4.4524212e+01   4.8716274e+01   4.7837348e+01   4.8368518e+01   4.8324094e+01   4.7065031e+01   4.6636493e+01   4.5699214e+01   4.6414333e+01   4.5476383e+01   4.6077241e+01   4.8162946e+01   4.4264213e+01   4.7644105e+01   4.6022717e+01   4.3463411e+01   4.2247459e+01   4.2709154e+01   4.9637638e+01   4.5526831e+01   4.4840970e+01   4.4443389e+01   4.4290414e+01   5.0395516e+01   4.7792859e+01   5.5123620e+01   5.1193481e+01   4.7825283e+01   4.7212824e+01   4.8154984e+01   4.5478174e+01   5.0081030e+01   5.2752877e+01   4.4302813e+01   5.2620362e+01   5.3888903e+01   4.9572302e+01   5.0146725e+01   4.9023304e+01   4.3662334e+01   4.4355142e+01   4.9264625e+01   4.8673533e+01   4.8570650e+01   4.8394108e+01   4.6953306e+01   4.7697102e+01   4.9507140e+01   4.9554356e+01   4.5645914e+01   4.5813828e+01   4.7683159e+01   4.4905940e+01   4.8332200e+01   4.5976384e+01   4.4288817e+01   4.3265303e+01   4.2635527e+01   4.7612959e+01   4.3279146e+01   4.4715479e+01   4.3279713e+01   4.4615222e+01   4.6970297e+01   4.7188252e+01   4.5790789e+01   4.4380913e+01   4.6586749e+01   4.6098831e+01   4.9663844e+01   4.4373568e+01   4.7983225e+01   5.0118065e+01   4.9121354e+01   5.0428626e+01   4.2930771e+01   4.6466280e+01   4.4783264e+01   5.3333791e+01   5.5129182e+01   5.0959699e+01   4.5880361e+01   4.6951353e+01   5.5465248e+01   5.4341149e+01
   2.4200669e+01   2.4339460e+01   4.5701190e+01   4.6911610e+01   2.3419877e+01   2.1778771e+01   0.0000000e+00   2.4154968e+01   2.7773502e+01   2.7207386e+01   4.5107904e+01   4.3657429e+01   5.1176635e+01   4.7882461e+01   5.4941172e+01   5.0917832e+01   4.5741359e+01   4.8900008e+01   4.9981900e+01   4.8475834e+01   4.6109175e+01   4.5839862e+01   4.4690074e+01   4.4140064e+01   5.1098016e+01   4.8178790e+01   5.3767866e+01   5.0018919e+01   4.5594925e+01   4.8643722e+01   4.3974635e+01   4.4786292e+01   4.9552687e+01   4.8438893e+01   4.8518650e+01   4.8276406e+01   4.7764884e+01   4.7204415e+01   4.6341136e+01   4.6669728e+01   4.5935849e+01   4.6330527e+01   4.8116257e+01   4.4535549e+01   4.7966778e+01   4.6617109e+01   4.3891940e+01   4.2654008e+01   4.3371059e+01   5.0184692e+01   4.5911342e+01   4.5231687e+01   4.4705641e+01   4.4785318e+01   5.1108812e+01   4.8420839e+01   5.5325822e+01   5.1489042e+01   4.7501952e+01   4.6879785e+01   4.8123891e+01   4.5316256e+01   4.9929056e+01   5.2798743e+01   4.4389621e+01   5.2390553e+01   5.3691250e+01   4.9687671e+01   5.0219460e+01   4.9454657e+01   4.4019745e+01   4.4844493e+01   4.9434041e+01   4.8768103e+01   4.8735647e+01   4.8465639e+01   4.7142984e+01   4.7748370e+01   4.9580073e+01   4.9591103e+01   4.5956249e+01   4.6112441e+01   4.8346133e+01   4.5240015e+01   4.8510910e+01   4.6325475e+01   4.4581086e+01   4.3491105e+01   4.2793695e+01   4.7978710e+01   4.3739519e+01   4.5078033e+01   4.3734274e+01   4.5088252e+01   4.7652861e+01   4.7966627e+01   4.6254108e+01   4.5012183e+01   4.7091099e+01   4.6955801e+01   5.0103177e+01   4.5016705e+01   4.8453880e+01   5.0761870e+01   4.9165527e+01   5.0607783e+01   4.3662671e+01   4.7074264e+01   4.4679561e+01   5.3263403e+01   5.5692346e+01   5.1141485e+01   4.5922235e+01   4.6978008e+01   5.6323420e+01   5.5345706e+01
   2.4246072e+01   2.6989781e+01   4.5719801e+01   4.6949978e+01   2.1212545e+01   2.5400068e+01   2.4154968e+01   0.0000000e+00   2.7029337e+01   2.7091755e+01   4.4926064e+01   4.3690606e+01   5.1467324e+01   4.7978111e+01   5.4875935e+01   5.0876551e+01   4.5802327e+01   4.8793678e+01   4.9655628e+01   4.8033517e+01   4.6196353e+01   4.6038756e+01   4.4746319e+01   4.4018561e+01   5.0866029e+01   4.8057443e+01   5.3553634e+01   4.9824755e+01   4.5680031e+01   4.8585719e+01   4.3980300e+01   4.4883111e+01   4.9372054e+01   4.8313226e+01   4.8517388e+01   4.8355042e+01   4.7367685e+01   4.6916495e+01   4.6335832e+01   4.6796999e+01   4.6038940e+01   4.6533232e+01   4.8390117e+01   4.4635742e+01   4.8111888e+01   4.6602738e+01   4.3758627e+01   4.2599632e+01   4.3115658e+01   4.9973200e+01   4.5822579e+01   4.5009212e+01   4.4358995e+01   4.4389790e+01   5.0702790e+01   4.8158845e+01   5.4856941e+01   5.1016652e+01   4.7528215e+01   4.7021960e+01   4.8341853e+01   4.5605589e+01   4.9609351e+01   5.2819857e+01   4.4140621e+01   5.2443117e+01   5.3628284e+01   4.9351210e+01   5.0376092e+01   4.9697419e+01   4.4088579e+01   4.5126065e+01   4.9557704e+01   4.8900307e+01   4.9085271e+01   4.8361752e+01   4.7371115e+01   4.7780257e+01   4.9432921e+01   4.9598742e+01   4.5842315e+01   4.5777424e+01   4.7945047e+01   4.5103659e+01   4.8319051e+01   4.5951392e+01   4.4410282e+01   4.3472738e+01   4.2655657e+01   4.7900843e+01   4.3365860e+01   4.4716718e+01   4.3372486e+01   4.4538484e+01   4.7485572e+01   4.7411207e+01   4.5962779e+01   4.4582010e+01   4.6430574e+01   4.6340745e+01   5.0262048e+01   4.4982691e+01   4.8289771e+01   5.0818347e+01   4.9521105e+01   5.0863531e+01   4.3607470e+01   4.7104253e+01   4.4608915e+01   5.3210720e+01   5.5299525e+01   5.1115817e+01   4.5731136e+01   4.7023132e+01   5.5630173e+01   5.4718154e+01
   2.4189768e+01   2.7272728e+01   4.5783261e+01   4.7005965e+01   2.5791149e+01   2.6213950e+01   2.7773502e+01   2.7029337e+01   0.0000000e+00   1.5431500e+01   4.4617809e+01   4.3647633e+01   5.1897779e+01   4.8819052e+01   5.4733262e+01   5.0842783e+01   4.5687347e+01   4.8578607e+01   4.9995200e+01   4.8361448e+01   4.6234511e+01   4.5933189e+01   4.4776245e+01   4.4308651e+01   5.1091803e+01   4.8256947e+01   5.4154907e+01   5.0206421e+01   4.5646280e+01   4.8675391e+01   4.3823444e+01   4.4746524e+01   4.9682449e+01   4.8658428e+01   4.8339298e+01   4.8259622e+01   4.7308757e+01   4.6774552e+01   4.5849410e+01   4.6526727e+01   4.6172564e+01   4.6595594e+01   4.8928497e+01   4.4803150e+01   4.8154006e+01   4.6546730e+01   4.4075110e+01   4.3098053e+01   4.3172577e+01   4.9755933e+01   4.6130101e+01   4.5369615e+01   4.4702534e+01   4.4560143e+01   5.1027426e+01   4.8320183e+01   5.5257728e+01   5.1174094e+01   4.8102934e+01   4.7568858e+01   4.8607875e+01   4.5809936e+01   5.0355552e+01   5.3283068e+01   4.4755462e+01   5.2904921e+01   5.4183676e+01   5.0069148e+01   5.0548880e+01   4.9608746e+01   4.4455155e+01   4.5333508e+01   4.9885340e+01   4.9263920e+01   4.9122573e+01   4.8852457e+01   4.7633519e+01   4.8196591e+01   4.9739643e+01   4.9728983e+01   4.5934289e+01   4.6304902e+01   4.8060720e+01   4.5288413e+01   4.8417588e+01   4.6184043e+01   4.4619700e+01   4.3531308e+01   4.3102851e+01   4.7873225e+01   4.3310433e+01   4.4647558e+01   4.3297582e+01   4.4687996e+01   4.7201979e+01   4.7364019e+01   4.5796463e+01   4.4197430e+01   4.6541728e+01   4.6136213e+01   5.0252001e+01   4.5146010e+01   4.8830512e+01   5.0613587e+01   4.9507986e+01   5.0931662e+01   4.3937126e+01   4.7167873e+01   4.4973597e+01   5.3595923e+01   5.5162878e+01   5.0800945e+01   4.6324932e+01   4.7243944e+01   5.5463169e+01   5.4189203e+01
   2.3772602e+01   2.6365107e+01   4.5434418e+01   4.6633963e+01   2.6044000e+01   2.5154967e+01   2.7207386e+01   2.7091755e+01   1.5431500e+01   0.0000000e+00   4.4420829e+01   4.3365822e+01   5.1505579e+01   4.8283538e+01   5.4384590e+01   5.0584412e+01   4.5401002e+01   4.8165682e+01   4.9505031e+01   4.7854939e+01   4.6039578e+01   4.5714103e+01   4.4595255e+01   4.4173349e+01   5.1047064e+01   4.8063070e+01   5.3869186e+01   5.0004369e+01   4.5408365e+01   4.8558965e+01   4.3517525e+01   4.4536797e+01   4.9316402e+01   4.8506270e+01   4.7736778e+01   4.7793127e+01   4.7064171e+01   4.6587344e+01   4.5660603e+01   4.6161078e+01   4.5812910e+01   4.6139231e+01   4.8297256e+01   4.4297416e+01   4.7577473e+01   4.6061504e+01   4.3695293e+01   4.2598517e+01   4.2739108e+01   4.9497555e+01   4.5599158e+01   4.4768401e+01   4.4273342e+01   4.4121974e+01   5.0540457e+01   4.7674355e+01   5.4873778e+01   5.0653940e+01   4.8038122e+01   4.7336367e+01   4.8239907e+01   4.5559507e+01   5.0117619e+01   5.3128945e+01   4.4507917e+01   5.2647800e+01   5.4025017e+01   4.9895402e+01   5.0285287e+01   4.9348309e+01   4.3773054e+01   4.4757309e+01   4.9260241e+01   4.8622043e+01   4.8585659e+01   4.8300485e+01   4.7042084e+01   4.7595524e+01   4.9261507e+01   4.9016915e+01   4.5675427e+01   4.5973188e+01   4.7807284e+01   4.5019257e+01   4.8124489e+01   4.5850702e+01   4.4273572e+01   4.3295092e+01   4.2665687e+01   4.7697732e+01   4.2748496e+01   4.4115297e+01   4.2782849e+01   4.4098691e+01   4.6742358e+01   4.6957322e+01   4.5275546e+01   4.3703199e+01   4.6096923e+01   4.5629320e+01   5.0045205e+01   4.4699264e+01   4.8586977e+01   5.0342282e+01   4.9257547e+01   5.0522134e+01   4.3518991e+01   4.6807347e+01   4.4721219e+01   5.3447971e+01   5.4632378e+01   5.0126485e+01   4.6043035e+01   4.7075123e+01   5.5403068e+01   5.4262785e+01
   4.1411477e+01   4.5263762e+01   4.3955684e+01   4.5260655e+01   4.2681456e+01   4.4575891e+01   4.5107904e+01   4.4926064e+01   4.4617809e+01   4.4420829e+01   0.0000000e+00   1.9200019e+01   5.0593525e+01   4.7119770e+01   3.4611114e+01   3.0475964e+01   2.5342090e+01   2.5430635e+01   3.0879749e+01   2.9607930e+01   4.4616750e+01   4.4247893e+01   4.3423596e+01   4.2713295e+01   4.9673775e+01   4.6550431e+01   5.3299279e+01   4.9135726e+01   4.4177599e+01   4.7009267e+01   4.2744266e+01   4.3564164e+01   4.8806401e+01   4.7674783e+01   4.7730177e+01   4.7205772e+01   4.6139084e+01   4.5398745e+01   4.4691115e+01   4.5499081e+01   4.5589198e+01   4.5521668e+01   4.7016044e+01   4.3455108e+01   4.6644845e+01   4.4860242e+01   4.2984528e+01   4.1074289e+01   4.1085287e+01   4.8221262e+01   4.4753854e+01   4.4397505e+01   4.3770525e+01   4.3152779e+01   5.0000711e+01   4.7133638e+01   5.3921993e+01   5.0044188e+01   4.6015521e+01   4.5594509e+01   4.6358222e+01   4.4125547e+01   4.7748181e+01   5.1573908e+01   4.2475245e+01   5.0764735e+01   5.2666111e+01   4.8177130e+01   4.8575100e+01   4.7881233e+01   4.2331305e+01   4.2959016e+01   4.7565442e+01   4.7144826e+01   4.7572341e+01   4.6714829e+01   4.5845615e+01   4.6279088e+01   4.8159599e+01   4.8021383e+01   4.3906556e+01   4.4149950e+01   4.6091425e+01   4.3404751e+01   4.6340697e+01   4.4009564e+01   4.2658284e+01   4.1288541e+01   4.0631260e+01   4.6074801e+01   4.2730582e+01   4.3706543e+01   4.3044173e+01   4.4383630e+01   4.6947395e+01   4.6336702e+01   4.5110764e+01   4.3715085e+01   4.6145638e+01   4.5562738e+01   4.7561810e+01   4.2602032e+01   4.6584297e+01   4.8774962e+01   4.7218435e+01   4.9014685e+01   4.1633608e+01   4.4851510e+01   4.3058277e+01   5.1992742e+01   5.3522568e+01   4.9455400e+01   4.4429124e+01   4.5231735e+01   5.4127650e+01   5.2987002e+01
   3.9908896e+01   4.3990462e+01   4.2849871e+01   4.4410538e+01   4.1276474e+01   4.3335892e+01   4.3657429e+01   4.3690606e+01   4.3647633e+01   4.3365822e+01   1.9200019e+01   0.0000000e+00   4.9375172e+01   4.5832996e+01   3.5484663e+01   3.0178928e+01   2.5017829e+01   2.6380003e+01   3.0412423e+01   2.9060009e+01   4.3509737e+01   4.3152782e+01   4.1991191e+01   4.1259436e+01   4.8322395e+01   4.5302376e+01   5.2072170e+01   4.7880305e+01   4.2738630e+01   4.5749709e+01   4.1718773e+01   4.2551251e+01   4.7616858e+01   4.6492963e+01   4.6376005e+01   4.6015262e+01   4.4876782e+01   4.4317065e+01   4.3547073e+01   4.4406677e+01   4.4491075e+01   4.4292165e+01   4.5421855e+01   4.1902167e+01   4.5359071e+01   4.3406310e+01   4.1592807e+01   3.9936778e+01   4.0058964e+01   4.7276337e+01   4.3436531e+01   4.3028359e+01   4.2436812e+01   4.2050127e+01   4.8879704e+01   4.5777892e+01   5.2925203e+01   4.8939849e+01   4.5256909e+01   4.4602344e+01   4.5658380e+01   4.2993017e+01   4.6791693e+01   5.0309591e+01   4.1477581e+01   4.9887501e+01   5.1652085e+01   4.7168960e+01   4.7722161e+01   4.6773998e+01   4.1171086e+01   4.1985543e+01   4.6555016e+01   4.6190626e+01   4.6376968e+01   4.5864407e+01   4.4745010e+01   4.5136560e+01   4.7188470e+01   4.7102357e+01   4.2630897e+01   4.2788595e+01   4.4869105e+01   4.1833803e+01   4.5102549e+01   4.2715798e+01   4.1425401e+01   4.0175341e+01   3.9342426e+01   4.4832422e+01   4.1284054e+01   4.2483928e+01   4.1703781e+01   4.3126082e+01   4.5617194e+01   4.5140803e+01   4.3928066e+01   4.2326578e+01   4.4871886e+01   4.4266205e+01   4.6188567e+01   4.1153165e+01   4.5212118e+01   4.7424678e+01   4.5895375e+01   4.7718613e+01   4.0311542e+01   4.3770725e+01   4.2039281e+01   5.1143167e+01   5.2480066e+01   4.8542698e+01   4.3354251e+01   4.4123727e+01   5.3627113e+01   5.2255376e+01
   4.8376552e+01   5.1078634e+01   5.0799872e+01   5.2077930e+01   4.9351284e+01   5.0756239e+01   5.1176635e+01   5.1467324e+01   5.1897779e+01   5.1505579e+01   5.0593525e+01   4.9375172e+01   0.0000000e+00   3.1027101e+01   5.9701903e+01   5.5799245e+01   5.0963873e+01   5.3227546e+01   5.4404536e+01   5.2560317e+01   5.1462969e+01   5.0814196e+01   4.9899083e+01   4.9291339e+01   5.5487886e+01   5.3040384e+01   5.8998515e+01   5.5515269e+01   5.0854068e+01   5.3349468e+01   4.9717591e+01   5.0247329e+01   5.3986539e+01   5.2470836e+01   5.2637219e+01   5.2444195e+01   5.1422003e+01   5.0758329e+01   5.1069986e+01   5.1373424e+01   5.1238490e+01   5.1492531e+01   5.3005087e+01   4.9505138e+01   5.2566736e+01   5.1257547e+01   4.9237637e+01   4.7922512e+01   4.7762996e+01   5.4097707e+01   5.0789825e+01   5.0213453e+01   4.9896900e+01   4.9749674e+01   5.5777350e+01   5.2566100e+01   5.9312502e+01   5.5979291e+01   5.2325400e+01   5.1819912e+01   5.2498005e+01   5.0111247e+01   5.3778796e+01   5.6886011e+01   4.9483204e+01   5.7006552e+01   5.7624380e+01   5.4423550e+01   5.5427883e+01   5.4122531e+01   4.8498072e+01   4.9871110e+01   5.3589950e+01   5.3147993e+01   5.3403050e+01   5.2809113e+01   5.1948156e+01   5.2209052e+01   5.4404707e+01   5.3843017e+01   5.0689720e+01   5.0640487e+01   5.2427408e+01   4.9715945e+01   5.2497929e+01   5.0303133e+01   4.9168871e+01   4.7985438e+01   4.7392183e+01   5.2229412e+01   4.9154647e+01   5.0091170e+01   4.9060880e+01   5.0589673e+01   5.2327008e+01   5.2543172e+01   5.0865126e+01   4.9896438e+01   5.1920931e+01   5.1886264e+01   5.5258753e+01   5.0294674e+01   5.3976502e+01   5.5857313e+01   5.3469594e+01   5.4884690e+01   4.9347679e+01   5.1700314e+01   4.9918011e+01   5.7377773e+01   5.9615864e+01   5.5357027e+01   5.0702299e+01   5.1712251e+01   6.0770474e+01   5.9267801e+01
   4.4785449e+01   4.8159599e+01   4.7402917e+01   4.8551863e+01   4.5990035e+01   4.7500244e+01   4.7882461e+01   4.7978111e+01   4.8819052e+01   4.8283538e+01   4.7119770e+01   4.5832996e+01   3.1027101e+01   0.0000000e+00   5.6378588e+01   5.2251472e+01   4.7667406e+01   4.9762905e+01   5.1030049e+01   4.8993176e+01   4.7072248e+01   4.6546294e+01   4.5953022e+01   4.5192531e+01   5.1773202e+01   4.9142348e+01   5.4757522e+01   5.1151586e+01   4.6397388e+01   4.9518627e+01   4.6613542e+01   4.7060872e+01   5.0753670e+01   4.9583770e+01   4.9838726e+01   4.9339463e+01   4.8162754e+01   4.7519144e+01   4.7695632e+01   4.7995692e+01   4.8702013e+01   4.8617557e+01   4.9903637e+01   4.6172851e+01   4.9588992e+01   4.7838331e+01   4.6448930e+01   4.4771856e+01   4.4326848e+01   5.0975831e+01   4.7426851e+01   4.6790503e+01   4.6814340e+01   4.6252074e+01   5.2586519e+01   4.9344798e+01   5.6080483e+01   5.2755815e+01   4.8823521e+01   4.8085796e+01   4.9004941e+01   4.6455445e+01   5.0604711e+01   5.3467531e+01   4.5804320e+01   5.3795514e+01   5.4240656e+01   5.0733892e+01   5.2139382e+01   5.0536911e+01   4.5211634e+01   4.6687253e+01   5.0774044e+01   5.0202804e+01   5.0429078e+01   4.9878237e+01   4.9120382e+01   4.9073988e+01   5.1543170e+01   5.0994068e+01   4.7135194e+01   4.7255962e+01   4.9068133e+01   4.6166965e+01   4.9218782e+01   4.7060039e+01   4.5558375e+01   4.4036703e+01   4.3727034e+01   4.8896739e+01   4.6097429e+01   4.7203089e+01   4.5797303e+01   4.7409652e+01   4.9451843e+01   4.9745170e+01   4.7801021e+01   4.6353106e+01   4.9161031e+01   4.8772757e+01   5.1951965e+01   4.6874760e+01   5.0147789e+01   5.2659122e+01   5.0275132e+01   5.2044932e+01   4.5806443e+01   4.8739052e+01   4.6247290e+01   5.3954429e+01   5.6822185e+01   5.2803751e+01   4.6954230e+01   4.8115883e+01   5.8239378e+01   5.6281734e+01
   5.1580753e+01   5.4835397e+01   5.3270758e+01   5.4707905e+01   5.2748413e+01   5.4357472e+01   5.4941172e+01   5.4875935e+01   5.4733262e+01   5.4384590e+01   3.4611114e+01   3.5484663e+01   5.9701903e+01   5.6378588e+01   0.0000000e+00   1.9090379e+01   3.1411747e+01   3.3942717e+01   3.9322190e+01   3.7340534e+01   5.4596547e+01   5.4081787e+01   5.3536853e+01   5.2981915e+01   5.8792618e+01   5.6198832e+01   6.1777092e+01   5.8084113e+01   5.3720275e+01   5.6492253e+01   5.2591297e+01   5.3211578e+01   5.8227622e+01   5.7135200e+01   5.6885533e+01   5.6325178e+01   5.5751771e+01   5.5140573e+01   5.4132006e+01   5.4832381e+01   5.5059274e+01   5.4637962e+01   5.5292606e+01   5.2865988e+01   5.5869948e+01   5.4804786e+01   5.3537873e+01   5.1805045e+01   5.1563620e+01   5.7489451e+01   5.4191025e+01   5.3931642e+01   5.3354983e+01   5.2807611e+01   5.8118963e+01   5.6012029e+01   6.2344510e+01   5.8789670e+01   5.5731975e+01   5.5259380e+01   5.6404333e+01   5.3937970e+01   5.7161918e+01   6.0407918e+01   5.2906738e+01   5.9690518e+01   6.1284321e+01   5.7355516e+01   5.7726193e+01   5.7186810e+01   5.2316076e+01   5.2714521e+01   5.6515158e+01   5.6502146e+01   5.6353876e+01   5.5606664e+01   5.5043247e+01   5.5226269e+01   5.7104574e+01   5.7157920e+01   5.3828416e+01   5.3703687e+01   5.5267224e+01   5.3212397e+01   5.5490144e+01   5.3477716e+01   5.2612720e+01   5.1534610e+01   5.0927059e+01   5.5437937e+01   5.2862654e+01   5.3338937e+01   5.2957643e+01   5.4112929e+01   5.6315552e+01   5.5967481e+01   5.4747819e+01   5.3463111e+01   5.5182420e+01   5.4985834e+01   5.7261225e+01   5.2996545e+01   5.6033827e+01   5.8222545e+01   5.6882199e+01   5.8201490e+01   5.2224400e+01   5.5029858e+01   5.3388587e+01   6.0717143e+01   6.2107164e+01   5.8365608e+01   5.4356175e+01   5.4952624e+01   6.2776502e+01   6.1465165e+01
   4.7345181e+01   5.0925729e+01   4.9423173e+01   5.0829561e+01   4.8749657e+01   5.0472935e+01   5.0917832e+01   5.0876551e+01   5.0842783e+01   5.0584412e+01   3.0475964e+01   3.0178928e+01   5.5799245e+01   5.2251472e+01   1.9090379e+01   0.0000000e+00   2.6389078e+01   2.9241795e+01   3.5910736e+01   3.3629031e+01   5.0603772e+01   5.0001523e+01   4.9417146e+01   4.8998368e+01   5.5148202e+01   5.2090080e+01   5.8275275e+01   5.4407692e+01   4.9754097e+01   5.2521008e+01   4.8606531e+01   4.9343477e+01   5.4199821e+01   5.2986761e+01   5.3430804e+01   5.2838478e+01   5.2250906e+01   5.1556307e+01   5.0406302e+01   5.1137500e+01   5.1416303e+01   5.0983645e+01   5.1688516e+01   4.8769094e+01   5.2218246e+01   5.0910836e+01   4.9684076e+01   4.8139092e+01   4.7567649e+01   5.3737767e+01   5.0491916e+01   5.0201504e+01   4.9494423e+01   4.9195187e+01   5.5092463e+01   5.2660140e+01   5.9199536e+01   5.5548567e+01   5.2001366e+01   5.1352981e+01   5.2710540e+01   5.0215410e+01   5.3430434e+01   5.6684853e+01   4.8866206e+01   5.6309244e+01   5.7828064e+01   5.3679851e+01   5.4220832e+01   5.3366060e+01   4.8378899e+01   4.8916558e+01   5.2818210e+01   5.2738842e+01   5.2682939e+01   5.2129077e+01   5.1292727e+01   5.1564675e+01   5.3515992e+01   5.3564824e+01   4.9935347e+01   5.0147944e+01   5.1737464e+01   4.9371381e+01   5.1913530e+01   4.9681394e+01   4.8825781e+01   4.7867580e+01   4.7007126e+01   5.1646765e+01   4.8973484e+01   4.9723435e+01   4.9270141e+01   5.0335618e+01   5.2380843e+01   5.2066639e+01   5.1233294e+01   4.9686323e+01   5.1655641e+01   5.1396856e+01   5.3655636e+01   4.9084542e+01   5.2210446e+01   5.4441144e+01   5.3364880e+01   5.4696444e+01   4.8237636e+01   5.1277184e+01   4.9349447e+01   5.7321688e+01   5.9038299e+01   5.5229504e+01   5.0366122e+01   5.1163764e+01   5.9540964e+01   5.8205416e+01
   4.2056927e+01   4.5785445e+01   4.4347981e+01   4.6287846e+01   4.3418728e+01   4.5315983e+01   4.5741359e+01   4.5802327e+01   4.5687347e+01   4.5401002e+01   2.5342090e+01   2.5017829e+01   5.0963873e+01   4.7667406e+01   3.1411747e+01   2.6389078e+01   0.0000000e+00   2.4321620e+01   2.8467571e+01   2.6504412e+01   4.5560335e+01   4.5101918e+01   4.4353526e+01   4.3790346e+01   5.0539654e+01   4.7207346e+01   5.3863823e+01   4.9740300e+01   4.4668496e+01   4.7772909e+01   4.3513165e+01   4.4172099e+01   4.9331398e+01   4.8260155e+01   4.8698607e+01   4.7972122e+01   4.7002358e+01   4.6409772e+01   4.5391212e+01   4.6190408e+01   4.6109365e+01   4.5737122e+01   4.7163782e+01   4.3775928e+01   4.7338265e+01   4.5932530e+01   4.4238722e+01   4.2529232e+01   4.2085301e+01   4.8831883e+01   4.5484887e+01   4.5025446e+01   4.4392051e+01   4.3973853e+01   5.0515922e+01   4.7462437e+01   5.4310242e+01   5.0556959e+01   4.7139200e+01   4.6465312e+01   4.7638718e+01   4.5285869e+01   4.8781244e+01   5.2366019e+01   4.3494920e+01   5.1987420e+01   5.3516842e+01   4.9147711e+01   4.9425182e+01   4.8406606e+01   4.3501757e+01   4.4285625e+01   4.8553061e+01   4.8531230e+01   4.8448835e+01   4.7878941e+01   4.6959735e+01   4.7375691e+01   4.9464342e+01   4.9286897e+01   4.4966909e+01   4.5183054e+01   4.7053001e+01   4.4085870e+01   4.7029538e+01   4.4855783e+01   4.3757329e+01   4.2590152e+01   4.1760139e+01   4.7009721e+01   4.3384887e+01   4.4441328e+01   4.3911636e+01   4.5224315e+01   4.7351125e+01   4.7046499e+01   4.6136254e+01   4.4513990e+01   4.6805302e+01   4.6451551e+01   4.8518927e+01   4.3285613e+01   4.6992288e+01   4.9344502e+01   4.8280420e+01   4.9864349e+01   4.2490921e+01   4.5840582e+01   4.3989595e+01   5.2580444e+01   5.4815479e+01   5.0672920e+01   4.5359887e+01   4.6064268e+01   5.5294050e+01   5.3845802e+01
   4.4845989e+01   4.8813571e+01   4.6749061e+01   4.8260459e+01   4.6500095e+01   4.8346857e+01   4.8900008e+01   4.8793678e+01   4.8578607e+01   4.8165682e+01   2.5430635e+01   2.6380003e+01   5.3227546e+01   4.9762905e+01   3.3942717e+01   2.9241795e+01   2.4321620e+01   0.0000000e+00   2.7954209e+01   2.8576078e+01   4.7566477e+01   4.7199769e+01   4.6621003e+01   4.5982899e+01   5.2311737e+01   4.9447213e+01   5.5956517e+01   5.1886910e+01   4.6913440e+01   4.9899249e+01   4.6144766e+01   4.6767301e+01   5.1949517e+01   5.0812609e+01   5.1108605e+01   5.0559096e+01   4.9515773e+01   4.8816991e+01   4.7509292e+01   4.8347291e+01   4.8594844e+01   4.8157723e+01   4.9378113e+01   4.6107609e+01   4.9791796e+01   4.8228069e+01   4.6715518e+01   4.5114658e+01   4.4480666e+01   5.0959690e+01   4.7756590e+01   4.7489212e+01   4.6413008e+01   4.6069833e+01   5.2450039e+01   4.9689928e+01   5.5868913e+01   5.2093674e+01   4.9404349e+01   4.8905836e+01   4.9809559e+01   4.7517906e+01   5.0681042e+01   5.4283014e+01   4.6003215e+01   5.3896063e+01   5.5563057e+01   5.1061665e+01   5.1233615e+01   5.0571649e+01   4.5475223e+01   4.6075969e+01   5.0132697e+01   5.0164463e+01   5.0105144e+01   4.9188997e+01   4.8412106e+01   4.8751512e+01   5.0762445e+01   5.0655661e+01   4.6708330e+01   4.7053373e+01   4.8746694e+01   4.6306210e+01   4.9229844e+01   4.6642454e+01   4.5708952e+01   4.4734939e+01   4.3905202e+01   4.8917494e+01   4.5975146e+01   4.6799138e+01   4.6434146e+01   4.7554841e+01   4.9854836e+01   4.9119802e+01   4.8423940e+01   4.7142273e+01   4.9335334e+01   4.8777621e+01   5.0436038e+01   4.5715566e+01   4.9168566e+01   5.1629175e+01   5.0199113e+01   5.1670942e+01   4.4964413e+01   4.8225885e+01   4.6381119e+01   5.4675183e+01   5.6190241e+01   5.2133614e+01   4.7470704e+01   4.8293532e+01   5.6969520e+01   5.5346879e+01
   4.6502147e+01   5.0208824e+01   4.8059649e+01   4.9595768e+01   4.7765979e+01   4.9639661e+01   4.9981900e+01   4.9655628e+01   4.9995200e+01   4.9505031e+01   3.0879749e+01   3.0412423e+01   5.4404536e+01   5.1030049e+01   3.9322190e+01   3.5910736e+01   2.8467571e+01   2.7954209e+01   0.0000000e+00   2.6990889e+01   4.9099515e+01   4.8641038e+01   4.8055923e+01   4.7144663e+01   5.3297251e+01   5.0837661e+01   5.6840949e+01   5.3039861e+01   4.8553456e+01   5.0949342e+01   4.7838526e+01   4.8378314e+01   5.3118068e+01   5.1848520e+01   5.2312249e+01   5.1794976e+01   5.0499443e+01   5.0295787e+01   4.9143482e+01   4.9878057e+01   5.0036545e+01   4.9733743e+01   5.1433229e+01   4.8123136e+01   5.1313869e+01   4.9783484e+01   4.8223439e+01   4.6820198e+01   4.6710620e+01   5.3061623e+01   4.9196371e+01   4.8878473e+01   4.8102540e+01   4.7763237e+01   5.3823399e+01   5.1323066e+01   5.7453766e+01   5.3932697e+01   5.1208250e+01   5.0574852e+01   5.1823657e+01   4.9679817e+01   5.2804507e+01   5.6325890e+01   4.8077931e+01   5.5954482e+01   5.7672826e+01   5.3088050e+01   5.2861521e+01   5.1927909e+01   4.7384355e+01   4.8111045e+01   5.1732962e+01   5.1825267e+01   5.2010308e+01   5.1272739e+01   5.0107408e+01   5.0835678e+01   5.2860594e+01   5.2637405e+01   4.8945683e+01   4.9095401e+01   5.0910191e+01   4.8525394e+01   5.1442943e+01   4.9156111e+01   4.8001738e+01   4.7105633e+01   4.6307751e+01   5.0985444e+01   4.7489085e+01   4.8329810e+01   4.7971670e+01   4.9460771e+01   5.1388227e+01   5.0744467e+01   5.0088191e+01   4.8739165e+01   5.0789980e+01   5.0462671e+01   5.1517608e+01   4.7245393e+01   5.0594020e+01   5.2973912e+01   5.1631645e+01   5.3131904e+01   4.6467731e+01   4.9717102e+01   4.8631238e+01   5.6322461e+01   5.7714127e+01   5.4111421e+01   4.9508270e+01   5.0377737e+01   5.8375803e+01   5.7035862e+01
   4.4947849e+01   4.8460565e+01   4.6286989e+01   4.7885017e+01   4.6001119e+01   4.8005178e+01   4.8475834e+01   4.8033517e+01   4.8361448e+01   4.7854939e+01   2.9607930e+01   2.9060009e+01   5.2560317e+01   4.8993176e+01   3.7340534e+01   3.3629031e+01   2.6504412e+01   2.8576078e+01   2.6990889e+01   0.0000000e+00   4.7161452e+01   4.6662292e+01   4.6206599e+01   4.5394239e+01   5.1815901e+01   4.9003958e+01   5.5108559e+01   5.1041004e+01   4.6654920e+01   4.9456780e+01   4.5496103e+01   4.6086355e+01   5.0913804e+01   4.9816035e+01   5.0493215e+01   4.9625247e+01   4.8561492e+01   4.8305571e+01   4.7178444e+01   4.8021202e+01   4.8287233e+01   4.8280810e+01   4.9734456e+01   4.6232343e+01   4.9036598e+01   4.7330387e+01   4.6483292e+01   4.4704466e+01   4.4496015e+01   5.0975847e+01   4.6827244e+01   4.6579777e+01   4.5758681e+01   4.5426646e+01   5.1452130e+01   4.8755118e+01   5.5306929e+01   5.1683083e+01   4.8968556e+01   4.8585533e+01   4.9364194e+01   4.7179516e+01   5.0928195e+01   5.4485879e+01   4.5710828e+01   5.3881767e+01   5.5749484e+01   5.1321126e+01   5.0956234e+01   5.0248429e+01   4.5160770e+01   4.5674971e+01   4.9616161e+01   4.9591932e+01   4.9944265e+01   4.9118003e+01   4.8167292e+01   4.8434858e+01   5.0570215e+01   5.0380481e+01   4.7164278e+01   4.7190238e+01   4.9025597e+01   4.6455503e+01   4.9063849e+01   4.7178642e+01   4.5692495e+01   4.4881979e+01   4.3945157e+01   4.9001688e+01   4.5206355e+01   4.6403937e+01   4.5760183e+01   4.7184893e+01   4.9194971e+01   4.8833551e+01   4.7744874e+01   4.6435236e+01   4.8577093e+01   4.8245448e+01   4.9960172e+01   4.5169226e+01   4.8812249e+01   5.1263883e+01   4.9986829e+01   5.1428179e+01   4.4408620e+01   4.7555926e+01   4.6249964e+01   5.4301417e+01   5.6275017e+01   5.2258677e+01   4.7320609e+01   4.8264116e+01   5.6497542e+01   5.5224260e+01
   4.2717407e+01   4.6586233e+01   4.4999618e+01   4.6713824e+01   4.3755503e+01   4.5618829e+01   4.6109175e+01   4.6196353e+01   4.6234511e+01   4.6039578e+01   4.4616750e+01   4.3509737e+01   5.1462969e+01   4.7072248e+01   5.4596547e+01   5.0603772e+01   4.5560335e+01   4.7566477e+01   4.9099515e+01   4.7161452e+01   0.0000000e+00   1.5234486e+01   2.6110278e+01   2.5489063e+01   3.0267558e+01   2.4667785e+01   3.3940886e+01   2.9592775e+01   2.4851843e+01   2.7937519e+01   4.3506385e+01   4.4182014e+01   4.7951145e+01   4.7309633e+01   4.8359552e+01   4.7316710e+01   4.6282075e+01   4.5832827e+01   4.5198103e+01   4.5465661e+01   4.6079598e+01   4.5898364e+01   4.7891558e+01   4.4310913e+01   4.7347777e+01   4.5780676e+01   4.3956684e+01   4.2619554e+01   4.1564281e+01   4.8059568e+01   4.5071525e+01   4.4518850e+01   4.3961987e+01   4.3533782e+01   5.0041816e+01   4.6761668e+01   5.4055977e+01   5.0630387e+01   4.6707099e+01   4.6088438e+01   4.6875041e+01   4.4375625e+01   4.8437498e+01   5.1938960e+01   4.2736711e+01   5.0992703e+01   5.2862128e+01   4.8435535e+01   4.9517790e+01   4.8562127e+01   4.3494325e+01   4.4527610e+01   4.8809699e+01   4.8330669e+01   4.8994064e+01   4.8084529e+01   4.6883819e+01   4.7263502e+01   4.8916293e+01   4.8969386e+01   4.4706115e+01   4.4792388e+01   4.7226211e+01   4.4184475e+01   4.7370872e+01   4.4542942e+01   4.3217512e+01   4.2199354e+01   4.1276313e+01   4.7174174e+01   4.3343134e+01   4.4519284e+01   4.3164256e+01   4.4493229e+01   4.7003772e+01   4.7505313e+01   4.5596584e+01   4.4311945e+01   4.6768442e+01   4.6351330e+01   4.8298786e+01   4.3344551e+01   4.7210203e+01   4.9888053e+01   4.8607330e+01   4.9655926e+01   4.2515478e+01   4.5764056e+01   4.3216736e+01   5.1501666e+01   5.4294459e+01   5.0019287e+01   4.4597406e+01   4.5801273e+01   5.5290160e+01   5.4500159e+01
